data/Pasture.agrid
ncols        100
nrows        100
xllcorner    100.000000000000
yllcorner    100.000000000000
cellsize     1.000000000000
[rows 0 to 56 of 100, columns 0 to 95 of 100]
0 37 90 72 32 92 78 42 44 93 46 62 63 79 91 9 65 62 24 7 96 69 69 58 18 13 70 71 45 81 30 21 29 14 93 52 89 77 96 0 13 98 40 19 18 94 53 48 39 84 71 73 68 52 93 35 21 17 61 36 21 56 59 12 78 48 94 51 55 0 60 86 44 14 81 69 53 74 23 81 19 95 32 19 66 0 83 20 43 71 43 73 69 2 41 33
27 96 87 76 50 93 50 44 60 21 73 72 23 82 17 11 2 23 16 93 99 4 84 12 76 83 42 8 20 1 12 26 21 18 92 98 27 70 62 81 71 23 36 38 99 2 80 71 20 98 75 6 10 3 9 39 44 57 44 38 33 8 57 15 93 69 79 96 39 73 65 14 45 65 11 41 53 91 61 90 76 75 84 51 37 25 73 24 91 6 50 81 30 88 87 22
1 92 20 24 51 43 23 43 28 24 3 36 25 18 52 12 97 66 92 18 66 26 77 23 36 8 10 16 81 57 0 69 54 92 22 19 5 96 86 46 87 10 78 9 68 78 58 66 29 61 95 65 9 70 56 58 94 81 91 10 34 53 30 11 31 56 99 84 23 45 6 60 19 56 66 76 1 24 50 23 4 2 29 41 16 53 35 80 14 19 73 98 25 90 3 62
45 1 43 15 40 7 80 7 12 8 33 56 29 42 22 74 82 88 70 48 42 77 84 46 30 49 46 88 15 30 4 40 70 33 71 57 86 90 43 57 53 57 6 34 57 93 22 0 65 55 82 57 7 24 61 84 89 38 59 19 72 73 27 3 67 32 40 9 8 2 7 63 79 19 61 19 16 99 78 55 7 77 42 93 65 3 55 26 73 89 38 45 63 15 21 40
55 15 81 83 27 15 47 73 70 42 1 55 17 3 83 51 16 42 22 82 55 72 68 92 90 55 19 42 21 46 11 71 68 32 63 58 17 77 43 79 71 25 64 8 19 80 39 51 59 15 34 42 27 62 0 35 19 70 56 64 34 52 37 13 33 61 36 4 89 32 37 72 6 66 94 95 36 37 44 1 0 32 48 81 17 77 10 1 38 23 69 4 98 98 79 37
31 21 41 70 92 69 27 46 2 34 50 21 29 17 23 43 37 10 79 84 81 43 85 73 39 83 73 47 13 30 0 86 63 19 36 16 57 28 75 82 55 42 7 19 95 99 96 40 38 20 42 51 18 61 68 71 99 80 48 99 48 69 96 53 36 99 29 70 89 80 95 4 28 69 1 63 62 22 62 20 21 83 23 94 7 22 50 38 3 72 87 17 13 41 34 60
92 3 98 71 1 24 28 53 17 61 5 35 30 89 63 17 62 14 92 46 26 56 91 5 74 62 16 10 64 60 51 82 57 65 52 74 5 99 10 38 50 29 57 45 61 59 53 56 8 16 5 95 78 63 71 88 83 27 57 18 19 61 83 80 10 66 14 15 98 77 97 36 43 49 83 2 30 84 5 75 24 76 97 30 37 86 51 84 58 72 14 82 11 87 13 34
2 79 68 9 81 94 10 30 52 46 44 90 76 80 65 33 53 21 31 19 42 2 41 45 54 86 34 40 83 66 91 35 26 57 28 75 96 11 55 22 61 57 17 94 70 21 56 97 40 3 60 99 66 33 89 15 66 48 29 23 3 42 75 15 50 77 68 52 48 49 52 4 99 14 12 33 55 30 82 71 2 57 81 54 95 12 30 59 44 31 90 77 39 1 90 72
56 44 67 10 47 85 41 28 91 25 80 5 81 34 22 18 5 52 61 39 12 55 46 8 77 50 68 50 93 70 40 75 38 43 48 22 16 85 37 52 34 86 45 9 91 39 60 1 12 68 85 55 89 49 84 14 87 42 66 65 65 30 1 74 0 78 73 18 4 83 11 3 48 86 13 53 94 79 98 26 99 97 10 45 29 5 48 17 59 88 55 17 76 73 74 87
1 30 44 43 44 45 4 79 88 55 16 93 55 23 69 74 30 54 47 11 29 69 59 62 79 16 32 89 86 27 52 54 68 99 90 11 87 58 43 69 82 71 2 90 73 73 29 74 93 64 91 42 31 72 34 21 5 22 81 90 91 29 6 75 49 6 43 6 89 66 57 41 7 90 37 17 39 91 38 97 22 61 99 97 7 18 53 76 64 96 75 93 48 10 93 47
74 12 3 90 17 57 36 94 81 11 0 12 45 30 8 55 83 47 67 44 14 61 22 78 11 65 1 81 49 23 32 42 58 9 31 64 22 47 80 81 61 66 60 85 41 50 24 22 89 94 97 58 41 10 60 26 86 0 23 19 63 15 56 66 8 96 64 19 95 9 32 98 41 3 89 54 56 3 54 5 46 56 1 0 91 83 71 71 97 68 49 64 19 59 55 50
44 62 4 81 3 68 8 65 84 65 95 40 81 0 65 96 65 51 87 22 58 44 26 20 65 54 43 70 78 87 26 80 77 87 36 34 45 65 84 76 10 1 65 79 72 63 45 28 82 59 70 71 31 60 67 32 41 53 30 26 5 14 36 62 9 83 9 14 39 39 33 17 81 19 22 82 73 36 3 46 0 38 58 3 42 70 22 50 11 95 23 78 26 59 97 49
47 21 35 30 79 94 62 81 37 36 93 33 65 85 18 16 29 35 58 31 22 54 31 58 91 80 90 14 18 35 39 95 92 53 99 82 86 39 4 73 96 31 79 89 62 19 23 68 89 2 59 71 64 14 29 78 62 14 22 91 2 2 9 16 73 32 36 5 88 61 56 80 26 92 59 18 79 93 84 1 5 29 66 15 83 92 81 27 40 8 61 69 78 65 95 24
11 65 2 27 30 43 39 79 4 51 73 29 31 48 10 73 16 56 51 71 77 92 16 1 57 55 45 49 22 41 74 64 95 50 11 23 6 94 31 90 72 4 70 2 21 84 51 35 46 37 72 91 73 26 45 57 5 49 56 61 26 19 39 8 58 69 77 10 32 38 5 34 48 60 8 66 84 69 26 3 39 16 11 32 48 35 39 27 80 66 95 59 58 29 69 23
69 34 91 40 57 53 66 8 28 26 38 3 81 28 21 21 53 19 7 62 51 39 10 79 76 51 41 9 53 4 6 49 65 59 80 34 41 52 77 96 25 64 87 26 90 30 8 65 5 5 7 41 38 8 62 29 2 30 2 70 69 16 68 81 39 84 25 5 76 60 19 22 39 46 46 23 43 86 47 66 24 18 38 6 29 72 2 77 97 74 88 18 47 45 48 45
88 50 22 94 81 41 73 64 55 35 43 7 38 45 5 68 31 96 14 23 20 18 7 42 46 52 55 61 1 20 64 51 51 45 58 84 56 9 43 68 53 49 6 11 87 99 74 51 57 55 34 83 37 55 68 16 40 32 64 32 92 93 86 33 19 19 73 92 40 13 97 27 60 5 67 72 18 27 43 7 72 54 43 5 82 56 70 2 95 86 79 96 62 63 8 21
5 53 17 77 22 71 30 73 44 26 32 12 58 72 92 33 61 10 14 66 12 54 0 48 15 73 85 89 80 22 9 98 71 30 38 18 89 46 91 22 45 24 44 50 3 30 58 3 8 76 39 30 59 35 32 64 42 52 57 31 87 78 46 85 49 52 65 78 97 87 99 43 9 16 35 21 25 72 84 4 92 3 21 24 8 89 2 16 4 31 61 93 66 59 19 89
64 42 78 89 24 98 29 85 94 93 66 46 44 51 60 10 15 65 23 1 77 44 4 41 8 50 32 60 92 9 69 40 37 34 10 70 74 84 87 86 99 77 20 50 50 39 57 39 7 39 73 69 17 27 74 6 86 66 62 80 97 17 96 25 7 87 77 19 10 87 43 13 12 97 11 21 80 40 67 79 29 46 10 29 60 49 24 4 64 53 80 19 23 81 43 49
33 90 84 76 61 53 98 70 11 69 86 22 85 67 42 94 26 74 9 51 50 15 54 43 77 5 80 9 57 71 30 98 95 35 87 53 2 96 41 20 23 35 31 60 67 2 31 34 10 77 1 35 51 73 8 66 93 6 19 87 81 29 23 71 60 94 10 82 22 55 41 49 24 9 13 25 71 98 99 62 25 83 88 16 16 91 79 35 29 76 18 5 62 13 56 41
59 94 80 40 61 24 12 45 76 87 5 43 23 87 75 26 54 72 50 53 2 94 55 13 22 78 2 38 42 9 58 84 55 8 25 93 96 11 57 20 87 54 34 52 40 66 1 93 35 33 45 90 68 25 62 61 3 37 83 56 3 48 7 25 98 97 41 36 79 79 83 86 24 91 93 44 96 91 11 65 19 61 21 69 66 76 73 36 74 94 86 42 59 94 31 19
43 24 30 75 63 61 10 69 74 35 44 11 12 21 61 30 9 28 34 78 2 24 11 71 86 82 18 74 10 59 67 43 79 45 78 88 56 97 22 90 35 58 40 5 76 25 46 41 58 24 96 83 73 63 27 13 43 33 85 14 81 11 81 89 97 23 88 91 95 19 43 67 19 19 67 12 72 16 10 50 15 85 40 15 69 88 45 75 64 86 15 47 4 99 67 52
67 41 60 20 18 31 94 41 61 38 11 6 64 11 9 42 48 31 69 13 55 26 85 21 83 58 81 25 71 64 64 43 41 82 22 37 56 33 76 42 44 68 36 19 95 33 99 92 60 27 96 7 65 17 89 92 58 69 79 12 23 47 78 20 9 24 39 50 72 10 49 85 8 78 42 38 71 24 30 5 14 89 97 61 70 54 41 84 76 48 34 30 76 51 77 35
68 37 30 65 99 95 48 44 63 19 55 9 73 49 4 19 62 81 57 21 43 62 5 57 45 52 61 22 74 33 75 76 46 55 26 18 35 4 78 63 64 67 25 16 71 10 5 93 32 88 83 11 65 91 24 86 16 77 27 36 40 32 11 37 39 48 93 87 14 36 57 72 98 15 56 58 42 12 69 72 46 72 93 27 51 88 64 54 11 39 18 41 71 0 17 98
57 40 16 12 52 64 45 24 95 32 19 70 34 96 63 23 25 5 8 56 27 1 14 97 92 50 21 36 13 56 98 18 27 96 35 10 64 62 67 80 70 6 60 40 85 74 31 84 22 13 64 99 60 56 80 4 3 97 84 97 70 89 51 95 70 3 2 73 32 84 14 96 31 37 27 3 95 58 75 71 68 65 45 73 6 23 47 54 95 62 93 47 10 63 64 57
37 27 87 90 21 42 92 57 87 13 14 39 73 89 22 17 8 91 63 95 58 17 48 4 77 13 60 28 18 52 86 31 83 14 17 52 70 28 79 8 66 59 69 15 26 80 19 79 12 80 81 7 42 65 38 66 47 36 23 16 92 6 58 5 34 90 24 29 52 60 45 87 49 47 91 69 63 18 61 94 24 33 88 26 84 3 46 31 80 7 29 74 82 91 47 45
20 81 73 69 90 94 20 96 76 96 3 48 1 18 52 52 76 70 36 65 35 88 67 80 48 76 88 71 6 43 83 43 38 12 47 76 38 95 32 0 12 34 25 40 58 76 70 14 30 3 8 87 54 31 68 95 29 60 98 71 27 28 54 37 97 17 88 99 44 47 8 76 12 19 91 3 85 63 0 34 77 57 75 97 63 2 49 80 54 60 11 21 65 26 50 78
30 49 95 50 68 32 30 27 37 74 5 38 3 17 72 91 70 70 4 1 71 4 1 69 68 9 76 58 38 51 16 29 98 54 86 57 28 0 1 93 5 70 98 88 2 74 0 57 21 10 55 32 8 51 7 27 84 68 39 89 71 40 88 96 49 34 95 69 72 72 21 13 46 83 81 90 87 21 82 63 79 11 66 55 29 78 62 0 60 48 60 71 10 19 90 27
8 24 96 12 52 88 17 35 69 54 62 21 67 72 32 48 13 36 89 30 77 36 86 96 46 91 34 14 36 20 85 17 11 95 77 64 58 57 54 6 62 96 64 55 82 47 89 22 94 42 44 2 95 93 1 53 65 65 77 33 47 32 72 36 86 57 17 14 22 43 33 73 28 56 29 13 72 0 33 81 82 75 28 85 70 98 89 56 61 21 13 60 41 21 99 64
98 74 17 99 77 61 88 60 65 84 16 20 42 48 60 89 38 68 3 38 19 10 85 48 27 54 69 74 4 37 47 78 99 81 54 12 19 92 5 38 48 79 87 49 93 13 32 0 90 39 54 56 55 65 70 83 47 29 23 92 15 99 68 42 65 89 29 88 10 65 21 0 31 16 34 23 53 49 84 13 16 26 50 12 53 37 70 39 37 82 4 0 53 27 42 53
24 31 51 63 52 20 7 30 96 96 53 0 22 37 92 24 16 27 4 42 27 54 24 20 23 36 23 34 3 18 26 81 99 90 3 1 48 66 36 63 83 47 54 32 21 62 99 67 30 2 84 90 87 25 8 98 1 4 14 84 20 0 73 66 25 79 17 4 23 99 88 48 50 46 35 75 21 50 35 4 53 3 27 13 18 94 75 81 31 47 36 97 77 22 41 74
56 18 0 82 89 1 57 80 9 52 24 33 98 77 92 77 0 26 65 41 37 27 63 76 91 0 70 30 81 38 22 89 49 48 70 5 96 34 31 59 79 9 87 53 93 53 20 53 81 64 78 9 90 69 6 9 70 20 57 80 55 64 79 0 20 97 1 78 38 44 42 72 53 68 67 60 97 35 57 49 65 81 75 11 76 55 62 20 41 39 93 61 68 79 35 51
92 53 84 71 36 15 25 2 40 14 85 0 67 92 79 42 25 29 10 38 6 0 98 74 70 36 45 50 47 14 63 74 78 21 59 56 20 83 96 43 36 27 56 84 1 14 10 30 58 75 86 85 19 29 0 29 6 27 18 85 10 14 51 97 52 34 46 44 76 3 40 75 42 17 48 44 77 55 69 95 55 63 58 34 29 54 32 96 64 71 80 96 65 49 30 62
66 51 73 50 50 61 63 4 76 62 47 45 51 68 43 37 8 68 97 98 20 96 21 99 50 74 93 87 59 9 62 76 16 1 76 80 56 2 0 45 1 67 88 25 71 24 32 47 75 62 95 38 26 8 93 58 54 10 83 14 13 43 46 18 99 94 92 1 11 41 0 17 78 64 5 77 60 76 69 58 88 2 43 50 13 44 58 57 69 1 68 98 38 22 43 29
12 30 98 33 41 70 69 46 28 91 7 88 69 81 84 69 74 15 82 57 55 58 21 55 91 68 68 47 28 20 20 57 59 12 50 5 75 0 28 13 3 89 25 79 87 26 19 35 29 39 97 28 79 69 37 53 23 17 41 67 77 39 88 23 48 80 28 42 40 40 71 12 51 64 3 77 54 78 46 0 26 56 69 64 95 12 84 28 16 6 78 60 19 67 70 9
24 34 73 69 91 26 50 73 98 20 91 20 9 39 52 47 73 76 6 48 92 91 20 96 10 24 16 2 96 48 16 87 95 39 82 78 90 19 89 19 62 94 2 23 17 87 98 71 18 16 16 89 48 27 66 46 70 61 96 21 30 92 54 91 80 59 27 37 21 76 4 70 88 52 77 73 23 94 53 38 22 1 38 43 72 35 4 30 79 55 81 84 54 26 53 24
88 93 88 56 10 43 58 6 11 93 47 14 76 42 6 2 48 58 39 64 25 17 36 62 56 69 71 93 3 10 90 29 18 65 40 8 57 67 28 75 5 63 75 14 26 37 2 23 24 53 14 92 67 24 32 14 28 78 48 29 81 85 20 7 1 88 40 42 21 31 20 14 17 41 90 61 62 86 1 96 95 23 14 62 14 48 13 86 10 45 34 62 22 95 98 26
9 12 45 8 83 86 39 29 21 99 63 74 86 53 41 54 94 80 68 57 85 21 19 55 5 87 35 42 13 86 25 81 39 1 95 62 14 88 26 53 35 89 73 26 9 95 57 16 27 8 15 23 86 15 35 84 19 34 43 19 43 49 58 53 61 63 18 98 99 39 95 21 4 51 66 58 12 20 53 56 29 65 25 40 1 82 0 53 25 32 79 17 73 15 40 39
66 92 83 81 95 42 43 88 31 13 46 66 19 91 95 28 34 27 16 70 8 52 22 44 19 80 45 47 80 96 33 1 63 55 81 5 49 17 18 55 17 65 43 71 74 13 31 12 5 73 38 7 51 94 28 12 48 41 39 90 8 84 45 86 53 59 21 73 63 74 77 66 95 81 20 13 38 20 28 34 77 57 79 1 69 16 6 18 69 42 34 26 34 76 69 63
98 57 56 95 30 88 62 26 23 20 94 67 52 35 50 94 61 43 95 48 98 46 9 49 56 69 39 71 28 96 9 18 77 19 25 1 63 7 7 24 49 4 70 4 36 58 11 19 12 90 35 47 83 30 56 53 71 78 71 14 64 21 17 10 39 64 6 64 1 14 14 45 60 52 95 79 14 90 51 93 30 47 51 36 11 45 59 8 43 48 59 32 10 71 10 43
95 16 72 36 31 65 57 58 37 25 96 34 39 50 86 81 80 80 14 89 88 62 85 17 53 15 30 79 54 41 78 73 16 13 71 76 75 7 17 43 43 28 68 35 54 64 4 44 32 42 18 60 93 93 81 17 95 41 12 88 64 21 33 19 85 79 38 19 96 9 6 92 58 46 67 85 41 17 33 60 84 16 59 0 68 56 49 68 34 72 69 24 13 88 7 10
22 80 84 91 31 17 48 51 2 56 6 56 0 90 39 27 59 16 47 70 51 25 32 25 1 97 80 83 87 4 21 55 76 27 28 58 90 9 95 88 66 86 6 98 44 35 72 28 59 85 6 80 2 43 1 30 19 57 9 80 96 40 57 24 64 43 24 40 67 19 8 42 41 54 74 33 79 91 53 27 20 18 55 40 7 63 41 3 72 0 5 54 64 27 49 43
22 55 76 28 67 73 49 1 19 0 67 4 9 4 5 23 57 52 22 39 28 21 13 90 4 70 82 4 13 20 2 1 82 40 94 14 11 98 27 58 42 39 61 32 8 10 40 22 14 11 3 52 99 1 23 86 20 33 75 35 83 18 3 40 44 63 46 68 78 26 48 44 41 15 23 85 83 49 20 19 48 4 89 25 49 19 74 24 0 59 24 65 29 28 61 74
60 1 53 75 83 66 81 88 67 80 6 32 32 86 66 78 93 52 83 22 80 85 74 4 85 59 45 87 62 57 69 84 37 90 85 63 90 72 76 25 28 96 85 32 33 49 45 87 49 3 88 74 3 58 76 69 77 34 69 63 14 52 17 50 17 21 32 56 0 10 75 61 97 93 50 6 93 14 58 53 27 33 24 63 6 47 14 57 42 70 59 34 87 89 66 96
82 28 46 22 84 46 75 20 66 29 34 58 60 70 35 97 21 67 29 74 92 66 27 81 47 32 50 54 77 64 61 18 72 97 74 62 83 28 46 29 30 81 48 47 68 93 97 95 16 95 75 34 99 91 95 74 24 40 40 73 53 88 34 38 6 50 38 63 47 42 27 81 11 75 72 40 50 86 71 59 23 22 55 43 90 37 81 63 87 13 5 75 40 94 3 40
44 9 20 0 45 67 79 62 31 15 29 80 18 21 30 47 82 95 61 58 83 89 32 94 86 18 63 62 1 58 3 25 22 80 75 30 14 72 60 87 52 5 49 26 4 72 98 85 24 86 53 73 86 33 9 84 42 21 74 34 47 57 56 96 4 44 24 47 48 62 75 45 31 51 57 50 42 6 62 93 89 45 35 54 54 8 40 23 2 51 20 34 52 88 45 58
53 58 37 79 84 62 28 2 80 8 38 99 36 65 7 83 84 28 26 57 88 15 82 96 97 99 23 82 16 10 24 6 67 88 21 8 97 13 31 63 46 9 67 90 20 97 99 83 32 21 30 52 29 78 23 99 21 73 81 20 77 99 0 41 35 83 95 34 32 86 17 41 75 70 56 92 68 78 57 66 42 80 44 55 33 91 84 87 62 39 3 76 75 57 82 78
19 9 26 41 9 59 97 21 13 91 60 7 2 29 73 62 67 39 55 72 86 68 57 70 33 36 93 3 24 78 78 10 8 4 22 29 90 75 7 27 47 13 53 76 3 39 24 41 17 77 59 98 90 57 72 66 45 95 17 90 69 98 11 40 56 80 78 59 3 58 97 59 10 76 59 52 75 6 41 35 33 2 57 85 78 77 79 77 53 7 86 37 64 28 75 85
12 21 51 49 62 15 34 83 84 0 1 79 8 82 83 89 22 89 55 17 94 84 49 26 41 23 0 84 4 61 95 45 45 64 66 37 38 55 22 98 98 11 67 14 90 16 4 46 25 72 26 11 52 13 49 95 92 68 45 62 8 50 93 57 65 94 69 80 75 51 92 11 39 23 3 73 51 68 40 56 37 59 58 76 66 2 75 59 61 22 79 28 99 89 46 3
10 72 75 47 30 81 53 44 82 96 28 27 96 98 31 30 46 60 78 45 35 21 92 70 1 34 6 86 45 26 96 43 8 89 23 2 66 68 2 63 61 41 63 48 95 8 7 51 82 39 94 79 75 99 99 88 22 22 66 74 13 91 71 39 84 55 9 21 48 98 58 39 94 70 25 57 26 90 92 41 19 62 27 80 13 50 76 11 41 57 37 39 5 19 24 70
84 44 75 98 34 89 94 44 32 35 82 70 69 30 10 32 57 30 76 57 60 54 95 57 93 7 36 87 22 77 52 19 38 68 91 13 20 74 63 31 95 84 95 77 76 90 70 83 79 20 94 48 81 18 77 4 64 3 5 49 80 20 70 30 89 86 21 69 50 6 68 28 93 36 53 57 3 43 79 1 26 20 86 90 21 52 5 28 35 14 46 86 55 37 17 93
30 41 23 65 35 76 24 84 80 33 65 6 95 25 36 89 64 29 42 33 46 45 71 93 15 37 57 79 38 66 80 72 66 6 14 32 69 4 86 89 29 59 37 59 54 43 69 43 21 36 29 67 49 67 33 90 11 79 63 23 43 93 13 24 76 98 40 44 43 39 89 48 3 34 79 90 7 4 72 30 18 6 16 63 91 69 99 13 93 25 10 43 93 65 72 84
68 18 88 37 90 81 57 44 66 93 54 61 29 67 66 35 82 78 9 6 51 99 74 78 70 10 74 95 28 41 10 67 1 0 8 44 85 88 1 86 43 41 14 92 27 66 43 48 44 71 8 17 70 2 51 12 56 54 58 55 51 56 10 45 39 62 88 65 54 65 30 26 25 26 0 55 52 84 96 31 66 36 31 14 46 74 10 29 81 46 44 23 96 10 2 81
55 86 9 86 85 20 36 86 4 80 20 78 48 28 22 38 30 26 66 33 35 89 5 19 68 95 0 63 24 68 0 34 5 15 80 8 43 60 7 13 78 71 64 19 45 52 62 63 68 6 28 12 55 84 0 47 11 42 71 33 69 32 77 29 24 17 41 42 19 62 64 4 67 80 98 57 63 23 82 90 54 96 11 34 32 42 89 3 33 63 84 0 45 45 6 35
12 33 88 91 59 36 40 3 76 26 38 12 45 18 83 36 56 61 85 4 37 60 48 64 93 44 95 50 60 23 32 10 28 70 5 38 6 35 38 47 29 28 11 91 61 36 0 68 61 65 55 24 84 82 68 82 93 83 5 36 89 30 77 5 41 44 85 26 48 40 22 52 34 10 91 45 2 63 99 63 4 27 31 80 83 36 32 24 85 42 59 23 55 67 31 67
33 83 22 66 63 8 81 56 19 14 3 30 85 19 17 45 51 16 42 43 45 12 45 33 38 39 31 28 29 21 24 0 16 22 85 97 59 21 90 10 93 90 32 39 4 12 14 21 55 10 92 92 0 78 48 5 86 65 64 96 83 8 15 72 30 6 12 69 96 73 28 6 5 11 83 12 20 43 37 86 2 51 49 1 3 4 99 62 2 31 94 91 92 53 81 23
44 94 2 68 9 12 51 11 67 39 83 58 59 71 22 80 78 53 50 10 60 77 30 53 26 3 64 31 95 84 55 64 16 45 88 31 41 86 56 6 35 97 54 67 7 77 18 44 53 61 98 16 86 32 82 75 50 7 94 83 14 16 43 20 24 49 91 45 91 4 54 20 85 81 36 99 50 74 97 17 80 89 34 32 69 20 33 3 28 4 66 38 63 87 31 88
85 67 82 89 81 58 45 88 32 77 99 42 23 45 54 94 69 84 60 42 92 51 77 78 87 85 82 9 27 78 41 75 68 27 51 73 10 88 59 1 97 39 45 93 65 16 30 94 73 89 5 37 17 95 82 58 30 5 9 48 94 0 97 56 48 83 50 12 86 85 80 18 28 27 22 49 55 43 39 0 31 90 19 26 56 41 77 82 20 95 51 47 17 54 17 26
